503010737
339084742
462725252
389960652
634896748
511888968
397728319
514221687
419395727
780458840
1245031179
336141475
375239755
566752651
346860549
320171764
523489123
551309560
591484885
324906251
880068840
1104869996
561382920
352509417
526650611
995125257
312949947
1075465721
503092306
565004211
395816966
1129429340
433865746
703642249
545154548
967598196
1018686395
434829018
316791672
626875195
321504242
310425060
1001388574
359651573
1208145167
324684264
519561306
394636307
407212896
949362849
931273026
475772902
1040451985
1218138494
438479507
836464625
1258460282
330105745
444143053
641395664
1034648489
917229473
355879924
1165206998
830259567
375279377
1178525102
587238847
980925428
357418686
594639569
1261209014
349456948
564483572
504545028
1098621907
893902568
428872117
999280155
574178731
426826309
1177304977
351222451
1038288833
1042003297
1080465358
1077039595
557861125
826488967
296630060
285877935
1170324964
507947411
1054905770
437859993
1201113419
345542655
1193760955
416442703
378084485
391286937
311549739
976063343
417608082
1084662006
1242828762
1276088713
1121553033
1180311047
978674211
749046891
505902704
915223450
668497947
517488939
1196592700
780329315
435460742
919048459
373670219
314652382
872936070
356337150
429187092
470563199
471276434
998439508
469022942
1200842933
473165402
336829635
1232808822
592346243
307690324
826303891
464955893
884923678
375526217
369363606
986768161
426644449
930370575
575147772
302515866
441939700
958147064
880940695
325946571
876336838
347706593
294937581
1211149028
838641927
411625066
333425918
545593949
496516776
378174507
1161251105
852318295
938004590
471341991
745103885
320279293
321464820
844433509
700637744
421511821
1180989940
1153897380
301763541
1180460837
376313183
637534820
688047200
749083919
893457239
1046767441
717545062
1078837457
535125356
367003839
559977766
327474863
315904683
936244522
295806081
365906158
333235419
1159700098
1116646084
288087993
403232367
495919770
1033409741
1016193164
523026881
477964987
1163338854
516540407
1257559355
367228572
342459887
1105855019
586495843
342442220
412842099
417256464
319359565
425579055
1234177408
342060936
1076865812
440171926
360992796
600007708
417171558
1145275343
597313409
294773236
456327713
681752345
353482327
591785487
896044979
800013306
460946053
543186831
479467805
338251169
296981043
1001507516
518914021
904737816
889172273
1290018155
402422247
421254504
1151077917
1125314981
1219898252
698154775
872434158
359107042
1130770356
443373678
977552593
358228999
986884070
400683095
1092397357
306257910
322823342
989843523
926090192
322197864
1189411033
987435592
890740165
298883838
331886317
1211144750
395928613
436582479
942064355
1212168806
1035331258
1025407232
391269557
1230794310
516498899
593822023
948064297
794462227
329506639
1127250521
283292597
737311617
284946069
520511560
432850619
284980812
406138761
1131995698
418102178
1037595850
284938955
824940089
512211077
597333826
314600768
599836194
1036066107
1061355687
363560915
944097177
1124694975
1277665383
924695435
1271613659
335542785
383935653
366765248
1239679037
950618848
420009108
1046510029
667886326
333992036
467923185
397112758
1123465271
584709151
425597897
564479269
1036034516
867660021
414617615
1162617447
914507252
1124787633
1084799742
825433065
907058955
1193127554
457838142
1219864349
1150407902
321088283
399308737
431833774
537610223
427480051
1204398549
522468643
356881611
731368203
972588740
591626572
327889314
300178626
998845028
952809441
1138626916
440476285
1266159318
1195750966
386264430
837244530
862421190
319557427
834207254
1131527554
991624348
535886823
1192605472
438643169
301027070
1229618961
980176183
1247110653
422565798
734187686
440487844
1050019372
1010557933
509429769
366417871
867063050
406099394
1035219553
1104842112
319592815
467567868
978697315
479420011
316370949
325683306
438401655
432194840
378744618
1263326166
895830403
899572046
297470351
304608425
413878436
1234229725
1019549518
553834731
342611496
1085512095
434805456
342973185
405168013
511152733
1135811739
760006888
295536778
482905134
376874469
918738170
1268503800
372786252
361717588
1135323909
338205168
1205468830
360593530
471629622
287941226
1048325731
585027354
295759189
1084910153
960205691
396584034
488704737
668562863
406945103
575456926
371037957
368493398
885450261
1020645505
437769529
489821949
1147297267
668354926
319354212
1114471030
479871486
1127266299
1250319284
447550573
1177328546
582152066
785972980
503821785
1024369566
955144690
1056920931
423289349
1288429184
608808713
660027011
420615104
360677289
625334537
535074178
363942838
888585740
458535080
835927857
1064366966
384577617
307868751
356928178
1273587857
368305725
407165597
317468456
962291530
322814201
1265622473
636400028
928747806
414196509
1061359022
1033721182
373495930
1218676783
950812012
352342690
371279677
364009203
816177666
529538575
340826757
420821875
341691394
498097099
1235961622
1214776947
305703880
986264998
413044064
1076478675
305633751
1208079442
1281897351
298395058
370904302
969867489
1185307607
505074676
493497188
543483094
564544982
442793646
519530925
587366035
429623339
1110639444
730091131
406473666
771068291
519077149
569456732
696407050
986371763
289559439
284910350
1139458445
1051179821
489459620
637494062
359582105
1291297394
390063388
924691089
545849922
1112052560
498999540
423103908
1221235267
1106280018
598542901
624443513
780174422
447752317
1150947951
379693831
1097586075
1291826745
1086535856
565050268
503451073
427543371
910570079
493619333
622466075
389735161
1190156538
1050535507
1252462402
565938968
1064302260
338578109
917932612
1082624748
364147847
795458447
1190824858
945811864
1035125770
886953803
807571009
1193855858
627784031
1073082439
340331164
908649054
1096524441
605670941
539907571
383074322
1091911730
312621720
550441545
998249517
461432358
1109193105
1123934447
328218429
1042901784
994470614
360561636
793157344
1119132775
472937654
388497605
296761726
894502293
336599882
375524587
1256837387
1264394141
448573128
1131502065
364387007
1246165006
941509266
909977623
1133544923
320203391
452204407
547974560
331786748
1287062989
841377297
440091457
366632423
1176935129
422689480
1028950091
385907472
587583107
382006079
1212195648
384680007
329374073
1131661431
791977420
1222862098
497175388
1064849065
1176147574
428498721
493136154
1219721230
875258834
548942104
873915685
1130272203
1054011814
1150233265
495287666
529092160
478673884
425341262
303644122
415249198
959001619
427405710
600715233
292410356
1090258782
538227642
335500869
515204134
362289555
575823665
1128255542
896534884
1073920163
492085036
943335102
494190282
314982591
1238549158
393715588
405239907
286799607
534220544
451584035
401626263
1090750061
1229986503
289468215
570182662
435624636
636470555
451397015
387692731
478562023
999497481
1169787242
318411479
382994576
1223932558
1063629393
1038014543
304564168
992731402
955687901
1071077102
543494463
322420171
863083539
408621105
1175868646
457896289
1195804784
999252221
705337017
1233539678
1192489542
833996380
404122667
394754767
376183339
440676901
480993978
553807264
301246980
650684932
325920454
1141578213
299032226
649380964
1289662022
453186638
948650723
1252462406
852033350
1004325731
960571015
387631651
1234124507
419120564
1190077343
405088414
388456433
1134784923
397599894
1226896249
529090535
683975636
1058704459
333297414
364049283
1224410473
414457839
464193277
799406905
725401575
1178678823
419852724
1177953618
644072660
570955497
437194402
506595748
707407968
291405311
1241934178
912218274
705350439
687223019
560922418
881372955
1190817231
441953397
329670577
614195831
951177560
386374077
1153461915
489414718
904278510
494841280
660168654
917398857
538436293
918055824
628821762
586956623
1212080980
950277801
634598719
1016396103
456851567
608738784
980888073
317865427
398146228
838479082
1125394374
1131149359
578979413
1080558159
412696116
527031134
1039260250
361753551
382200873
1017582626
373888724
362693357
412396957
1128671813
1270055014
576877139
1245569523
973337925
1114304356
472611804
685784609
634584447
301912130
547162979
560082343
345119718
530425868
1134371550
1291205873
715586384
605665312
699405676
525818839
286538618
638584681
644223359
470781670
395649569
993481522
1157337259
1148048602
367001553
510288269
916432909
570656516
352941215
635146472
1151120612
738053293
566799704
749109884
1033432583
498173110
382617920
1148006701
368243228
1019969554
455610963
503098735
355396114
1255801744
1098082481
787040002
499826209
557170178
1264394167
1234545747
1200776424
447442214
1029813017
590186910
907415760
1241872343
758103884
456157865
1189937816
521030254
434356065
321267949
434613896
881267423
394026416
345724640
1204048669
593303172
390049481
518999473
933762472
716495064
400525985
1251927393
794256744
511852665
433399460
523422151
394810590
819827050
1185735018
418292626
997079492
765482338
301203136
340212179
1226857733
292689786
1031029942
893162472
333777636
1078835991
1023141502
555490103
441685206
871694174
581242829
911793120
1136105349
492871536
1077258856
359676863
440488550
1171296706
286058814
294168446
1051568242
341991991
915632592
1187829462
1071587456
1158906964
308111628
379577046
480595117
412366083
418785500
364193735
958957112
338971047
326574411
557079423
1078504854
1208917001
309409507
726048984
388899014
385262125
436750135
1147874819
314072879
974724779
906675357
451339970
861216052
1059378863
691346630
1077455978
1184175119
627923804
826278829
1207691928
390145507
1071044152
895828154
522627917
379775898
584986228
1215633719
1059599823
1164316023
933107825
307733225
390043234
682046579
298766460
424762520
640364616
1061546531
660684479
778197452
564730202
403704212
409622282
651979466
1072737282
1134835650
444079013
1255735120
466966101
436731843
993495060
365494029
417020234
863003886
505117376
380090605
300370871
497714887
1277067339
991283955
935559685
1234184800
333265578
1262949138
525017844
832732487
539181945
1104846972
1169337950
447783470
1133848135
492995106
296581815
376302649
369188136
989726935
650008859
492071153
642416310
967980808
379968583
630864653
1220729264
1134895689
1138168093
893643753
1131147442
510070824
608188610
342548956
976531810
452438509
480908919
508689517
526011730
311413629
345273683
727497941
628509224
730873197
1044950341
358960275
305563119
295905460
490070696
821560738
409417958
581487293
291587247
365729342
314376561
1185306042
995864179
1041671669
308998718
586449534
643496868
1074531551
558288582
997490707
573970583
1041596399
658564085
1017729457
1141312799
1217456898
1172705134
1017640393
649240962
1037272004
944134670
449109603
1198492672
1225971987
870468218
1217673839
1064840805
398088515
1023217192
1068393382
561870993
386285268
1076348793
1025851609
1113736426
849587310
726910407
951937596
478661139
573235547
690442808
469067434
1153475797
1029207872
566587079
979963785
1050558701
437204539
507907581
996500701
957604544
859962702
317777108
317799861
838981369
428503818
469463298
314982342
1252692238
1053012308
828256236
549627415
495635047
283035434
663820495
1123855890
470899889
1082150954
578665578
1213806775
475638064
957276809
1061132313
1028804695
1046714401
573836269
1104556090
1112548288
531673964
636609212
1031158715
409099493
307688598
351056793
572462317
331529422
922609543
505138683
596684220
820326185
367784473
910048738
333782478
314163096
1233141056
476148613
576649830
731337966
983553819
301500729
382233851
435370688
1087275677
1137893361
1170306387
1078747185
997325025
547009221
407189619
1063828798
1258440238
296083167
1114394167
415597317
1115973003
1059645569
394636845
359580904
444523796
357828853
877385932
493226494
822797943
1252553361
995150111
686817821
1115097063
390074282
967732254
1252946618
816218028
566431214
697927927
667377582
333251258
504631398
892279069
405192342
1179236591
408395159
993035669
406239138
488674899
991670217
447444215
1281921006
1062515791
1152976679
1005473092
333195169
1186620724
610003290
921522056
1019159059
1097456581
1068366937
492118655
377916394
896842572
1007368983
911201894
1262989655
361319719
316131048
505080575
423252952
981750452
977917522
1227644584
936625539
1020543963
467564273
830544402
287958963
332639548
1059321491
461046136
749133753
284862083
417954464
1066731455
1118737186
1140527414
989102039
1034774337
459313476
789148891
595946281
333221071
358352297
288120394
956081467
929439991
364222241
304464483
1037751992
1255487920
1146138135
831152887
515673004
393521916
335966017
1183235120
342879434
482306937
427916203
946930094
842842640
496414628
347400507
1275258743
897344878
506292960
405689554
1126278978
1086551837
961390574
998612420
354096224
469705478
544007664
815000358
376888389
950178294
921952362
404415745
1038792785
548506487
995058068
533047095
382201985
592062781
918054748
1097401020
408057387
364249690
973113361
1093438308
1237451322
404121215
911744298
1018355599
1163959269
639101137
746894884
346201546
570180361
480759892
434567469
1181321433
1063714698
886177982
955957721
692816867
995780261
1238419586
1078827773
854378794
1171012600
631108846
297701447
908394921
686449807
1258046681
867478383
299024774
1279565050
293621500
362607619
540925500
312941044
364876095
346782677
357484932
331975235
447542342
378820051
1260503899
885685660
327068055
435295453
1263326810
906273229
363992049
432627778
897927737
1137032845
1108327399
1104879125
493235942
944665689
1164801111
1172709468
504971191
373269396
1161387262
1194582243
924292102
694133630
698070860
1213271837
427242564
898723944
300812183
361737853
1016352526
582528844
978236345
436146485
1088230587
998256157
1074578113
387771637
319305215
392502567
1012291851
935555191
1093384506
297404959
572801387
312037975
327685977
337179069
1071387015
1020136055
994419027
434826169
694755494
373493387
325777858
426898964
1123059597
412650650
507904684
606870241
1132214105
1167265961
515262551
288420566
375948232
495369748
821306569
333211045
943869618
450064335
376252446
343091870
370904267
766741240
494368201
441743587
575153326
918609651
1252870456
297082244
476512661
1031781908
472940721
1068204657
504001448
288282245
898690350
527219710
990571676
395680819
910793430
325323340
454703425
593009261
466508455
435855321
573938782
366626332
368501483
459371608
1218109903
393942315
413369004
498425561
370462550
1052459780
421358291
381699271
530054969
1140443666
897334020
930810134
1072735657
363449774
1077578099
409625068
978597106
1105317682
310303959
670116327
329207060
1083295050
1201606381
1169333211
1108807116
989733380
289894882
1254263611
404542306
513188658
968243793
614293556
1089848660
406772787
1129048043
421819675
662493205
431589174
962518306
359022779
632706453
604402024
961932335
325080675
1069225931
672417831
301046057
697846300
1030361826
453571750
386986953
365898918
594397324
600424132
347329411
1294479615
315514944
804637783
541004860
1014920360
409936319
952578473
961012600
975925059
1116889464
1128673338
1225247731
417373312
342450791
1056454547
1041700694
931154050
934669665
1089494591
1193861302
683848500
665159792
354934250
634456915
655420612
424494669
1052910024
975574347
1142016085
844019318
548228863
400101401
991611037
534958672
675054186
312220102
1217141104
301246608
879964954
292755387
1012298403
346776596
371978169
315577859
544615624
1079944301
1064120373
1184204602
330143493
1197263749
451095024
1096493180
459182288
336294582
338989019
459364651
569092652
632618796
749106884
930380089
1232520255
686310045
339393884
1244523375
1009076561
305204535
408272818
359165892
928368733
883065244
1126232922
887030129
1014362835
331451475
598967192
370441190
1069361548
317776727
662090840
1039195468
1204090353
785615214
548649499
702713382
416339439
858283863
372326740
1236104489
372378676
792699877
994041762
737534965
1143875540
439516456
329886711
566685699
1187265767
1133880811
373524000
1191737919
391304000
555600657
571863178
1112020427
1185736153
975867387
1085652055
329515634
965084966
427714758
483025114
789521943
479516143
461703208
1110261127
1034741662
1035117375
319184913
1221235593
329470520
289228987
492085918
672549397
1067336297
576288015
521904704
1066338494
392776678
988424260
484829437
1218897494
600446812
598865744
530861589
400164567
564582898
288113403
433592412
408238511
796885425
1142513520
1113002956
427132867
1236558228
385705173
1234490078
593873080
661647070
394000310
955104899
407878379
894652059
1262099807
366366545
524331467
1275557767
605841731
1237641542
947742764
464243977
575065652
921958744
413463771
470247843
862773459
1016450821
517136146
412792865
672762376
294293726
813187935
400259071
540746316
331514949
888786749
786946675
894326992
403692190
1134836561
979588667
409647834
980930646
322110006
542064015
1095683899
1006093882
1016232980
877558350
522626820
306621789
369302790
509382678
305728705
460905474
1205440159
383819300
557130558
1241932094
562793918
1149245645
648243502
1037695306
1128186929
1135599212
538073623
916518918
1163118660
1071024844
460979760
485260913
320606217
431051410
343491689
724786142
1054280887
321506742
916568801
497880658
1245535228
1262301886
362010294
388627783
1039213354
408776959
705749269
310647896
574705183
510645734
301552555
712103960
378120971
301246856
661150926
468996165
390532592
547642997
906936224
796213866
1207992504
925017528
1081736402
348884811
304878510
598176940
882767959
1141258007
1279194898
1213736391
892284960
328813873
1185450847
938873327
562163300
806223188
894546551
580002794
506671387
1248661177
347184248
384375430
376771144
296988414
421997825
967812288
1155806413
379500151
311867728
345631589
980879730
990572129
1245599172
993504342
465230698
378272803
409948907
916540089
1061859052
892368344
794868898
374135639
518252616
517196393
511707401
1085111348
288895476
1279423433
317836614
1080840241
344784375
975487343
721068330
984501320
400666114
328266349
997698784
1092045841
448200679
415320419
727854483
471679189
292869920
1268592177
1124814346
1236628063
1079892948
941533508
1144557284
726122424
580551223
1158812473
1227353898
952050883
1123460538
493845493
371240736
1199278868
976523892
444700711
1166162271
382412235
759559891
879030389
545518754
349265307
976019182
859031702
1088743869
913753848
303058840
434277910
438402174
380228695
326575788
421815822
913934976
294151538
402012828
519200450
705317200
596402997
586549997
350925062
890381198
1115415865
1231036114
1000571054
971756507
672542880
628677149
406320443
452559831
486240738
310636441
453546382
465810912
635966718
703332941
1201541351
284876795
559776724
294631159
505337611
1100736442
725224246
361484312
1062525401
433724550
1006564880
357419508
804641004
1145728632
1241681287
1234177887
671867510
960609828
963753435
314192799
623811668
609598558
976126416
422547773
1246497978
885404547
1077627714
315638828
749094938
1052091131
1097036744
1276439245
760171555
1086413043
642670596
1064894258
1131273970
640052515
368502096
501090906
1170775232
913922113
398449847
943322087
1150403748
330376830
356088247
914869805
301270080
292224674
315048468
922423783
486312400
1057125583
981110422
392186848
721606556
1017182913
321334290
1142523906
1040050676
814853151
1142122702
1091494686
506599259
283492923
1267252182
1186616124
444934666
1000047719
396351547
492534636
585223877
423213182
903773281
526291152
325924444
473512078
1052571807
973789555
414461255
1182856129
1177977195
691306678
306375551
346761444
468424673
806157957
599965640
1064796011
333205843
537961396
338813698
954772973
494998818
382011064
1068146838
383790206
358183415
1217648921
866786833
1224541484
495546638
497386558
317770389
834323817
361370585
583725471
1039179300
436577167
1244669793
934810189
468631667
388927426
1115974495
1259767702
962907009
437465266
1179364139
366841514
1268339390
406541444
294176797
323229106
789056702
654972611
914447815
943892353
1248172706
319766917
553177920
444278124
1281846658
866450515
337998484
1054799472
490989206
483332543
913292932
809510915
395704227
549080065
1169273901
295144131
530059576
706398884
1127393994
1182905508
1147485255
451697322
1114127463
788735022
284993459
912276926
483071025
486679868
403684733
399603784
281796108
318738366
937776363
774524894
294379127
458035189
404130480
836509246
1263389332
570143488
730712409
417328133
403219522
644106186
1126386264
458535809
607971056
987381870
662938847
557133093
385935746
1254343213
490077681
433866863
515155553
813493308
289616509
1147394645
582877764
1162030554
523082296
1006995319
974599171
672238855
459699055
743974925
364468215
596230173
1066782355
1229590125
594476963
469337564
563263740
1080930585
478862935
1035220162
1241293366
397864713
403047364
904249098
509469055
296098371
981451656
563414518
333261257
1075879629
561830940
464339272
627802925
430282710
649202100
323509766
1252545739
1007491450
338257907
646315802
551519783
1282847845
422495739
794383890
301246965
487078338
1064399771
371932445
1272715296
505365608
402663213
903911740
1070715498
321293183
741949324
859757844
338977566
952958295
940004928
293150206
1117669322
409157308
948478740
459111172
779656557
284972998
490615718
1270849831
398954883
865914997
1128705011
1226964175
329884406
414209192
419135449
634845718
1179397204
961221283
479193940
1002210090
616145031
404534189
1119482395
330247123
457792991
642217319
302000478
393761209
947275731
702653088
1264722932
934231836
349464731
338125516
372121361
714626591
542613198
1018753888
311096766
1049036258
863034645
1064381508
1164442316
1104842183
573916946
1035153899
515173864
767097566
510310877
388633565
1137814166
1014964277
1017646553
590278208
682534152
381253120
1027688889
565891933
323975658
314342282
1228963178
1039012558
900868018
738913826
514886797
761997217
851617034
339363586
1040047095
905746421
1255799839
458334253
446207961
587666766
503626567
922436277
834315918
433363390
937091685
435871950
834094750
818836872
358731886
1202923838
294293722
369151858
1073437119
346753847
410244795
415457731
402681762
891596226
897024053
670931120
1024818709
356971775
1080871007
1060335034
936966570
385668523
454638411
939985138
468429333
288105363
368500330
356181358
1059911569
385237078
812676892
375811859
404541983
1260422407
880178264
479871623
1039007767
1255436223
394284454
338207636
1056120767
366192217
1093384588
1033402087
410395246
582896596
883994808
1153476655
1032469973
1031812751
300116772
1266803090
492648096
411524298
1183812086
543831532
738897668
867891035
301247295
421894356
326264870
445253365
828849070
621561671
845046425
366754824
432753658
1199564834
414478124
967323101
1095188855
647268330
392173111
912304218
1085481717
338454396
393858566
395132444
1007985045
935306292
1185388060
1212219935
1039924940
535724274
610317366
699434089
543485056
486244601
1051182256
1162010981
1035668905
443369807
986699737
748057890
797117210
301246891
1008126679
1020801704
494497008
1016206248
602887288
845139175
477537958
1000558562
1075462280
356366807
883096979
543032054
670677466
415458524
1116396368
465565259
1197708998
453176055
971696417
1204902987
576718804
795519914
369126115
458056343
1048912974
1277605240
995161639
336683524
1014431456
702045889
977949232
285512415
1092949787
495865653
392566557
532546609
1190438906
891213591
362057947
937555952
425089902
335678373
925264708
693905898
306862897
405267418
1174694057
709157898
299029654
426912243
481957114
1041534134
310150130
720343940
289039914
395133418
1001101349
472006138
369502181
1205403862
680170305
348702163
818079334
424059280
764925064
506760190
458032309
698910075
1193474997
920362132
1276189029
289084315
295798315
306934924
553159448
509454679
1281766938
367807291
951552415
468583150
1236058595
455938512
647769750
1013593999
896449179
1052743287
826313954
390413333
879866468
328224790
587823548
768467530
1095712443
577491499
960991407
724295527
954679997
780346983
904908129
505134467
527588389
987976107
416046411
602481191
1084591457
443354861
1055559876
982434641
1149994032
406735901
445206165
1052514694
466252999
302322519
355593501
289752132
636485814
477962899
1071745949
446742417
371629295
569141963
1228671658
435055154
358732893
1222889057
435060754
931349242
766858884
1083382404
308623990
405320348
725481535
1195468578
1098578376
586447913
965347329
429047995
570632076
589375715
1117310635
606310581
436082346
1066645338
505054230
347345474
961526085
332636983
330740073
960639435
565105760
335189604
956138792
627764905
760489885
1112366886
461218759
566535238
483441695
1189828120
432466238
491680263
784495787
443372665
609524351
421216878
908924787
294952511
516879039
527574743
1086539327
1260914797
1148470907
378730210
1041380791
1077137248
561413715
535433564
1055893062
1217387870
1177590613
1147528573
1255046786
962194608
898176302
385252730
730256836
1090371750
367506176
379262343
975107189
321262925
578175870
406085224
741949011
806120912
1133867070
1219242146
352247139
542606050
1082085895
648016624
381019337
301676912
1252338736
1140451547
429955801
1003730057
767762923
1126349247
344998390
308750436
783487682
408340753
382452060
539499112
294047845
679454835
315676704
784436930
381682088
1034069206
904542177
500544250
291877741
428912452
578099078
457189462
425584085
1288499580
417340980
1268339401
301246870
979092731
603844013
986748919
1061987322
1023219926
1094555128
1152298849
417557957
899929551
406456433
379450383
926265907
307840670
301201602
566366894
736602666
936248215
291921788
597492646
1033791986
399288543
547109049
409838725
394838174
871169567
793162023
632970327
912170360
728293409
1059134258
401533966
648772030
283853762
922541792
386265329
536049508
1193107088
331025858
978267867
694164275
1018867015
328011357
1045375654
1192133466
1260337636
496759773
415206413
973433137
564493996
396085661
339141383
937575772
335693421
380307542
863844475
980368562
463964816
559702509
905398469
526079428
968417727
1020133524
946500971
1269451470
314498713
355813031
622407763
338550388
928343988
542557212
483557574
706857885
529443604
1231747836
798569362
333206224
1281884187
1110271804
387363739
806447963
449691247
828392046
1231701793
300265786
426891874
1041858138
600750084
606712922
1122658784
405477019
950519698
328608539
894405018
453737545
372930638
590254755
899913163
546473125
425580507
692035811
555503284
301246942
519619321
624618100
906191786
719972451
1043451429
989694462
1059893061
406614875
1179997878
426373786
499952753
295463352
355492548
884493575
1101575679
1068031409
1088211690
989254177
1017293572
1277546889
641900855
714148113
1063699305
757934825
1207550253
371723593
1143364232
1078875308
637670343
1009897703
388389451
413605889
1081224141
306947593
565634243
886566288
1250820556
891362701
612383468
657189652
1020188121
897805514
1042893804
501945443
304045210
414204182
453170202
1083321139
963034692
644185507
916564827
438475005
354936192
1225898171
785200104
969116211
1102702489
301247135
714042749
1200318119
645219740
297499331
591658676
1016366447
1286255182
969887573
1097838147
369517306
402656416
582910479
719162125
608515289
1068332922
455680357
957143504
916365675
557876826
1138248035
995132477
387589587
1104230185
787077482
505896404
948615423
1032783648
1236031615
482889024
586207285
477865384
853087982
703119763
905488045
1045268097
409084473
661034398
1165816922
1246040690
1033450260
1217359180
985951989
1258016944
284815942
1028940005
1134334340
599661193
847983841
344239662
1264567185
960515020
418987775
377133767
335305259
322712442
439464913
333903271
1270704133
1182214882
547702041
486154808
1043437583
583223883
710724007
410014375
709721914
490976332
1122909534
1086378532
601280722
370838451
1157274699
480018989
917232329
936603765
496809765
837860959
434586971
1129123018
1242116567
305343404
604773582
299949744
340846949
1159307061
653031147
996325726
1190065925
1147487452
574346543
975829612
309601447
338712994
491853288
358073020
494906425
366600406
378485879
1247889896
348574730
335313337
405835358
929968679
355243204
337000499
1225499481
1178872627
1101445404
507874739
429611283
1159649038
474286241
1180463971
897852345
1047216112
662827178
430756233
955253190
367998851
669198374
989524787
439565366
625335999
382005326
1181247639
414152057
1192635213
1050576070
1036141497
377298193
564144546
333188426
481623196
886798085
393499958
695481841
1237597330
471270590
282935706
369696914
962255920
1198038561
1050499956
430780873
563892532
734250838
1247061429
383464901
1133036088
434375420
511757903
918893030
1123908849
979132094
999687716
1177346000
333214417
299081353
353433226
341776037
443391908
1012970102
1112850631
1095626614
767231129
1140042322
742186886
519076558
1110429957
429372600
300521236
296271871
703296385
538275329
793165153
984395908
1036031815
561111347
929061828
307337503
521594899
400896453
325010997
489506212
1276466076
333246187
441521818
1261777856
370257990
925205585
325180061
528241182
506137817
364979224
348745836
355554941
1065127755
638689075
302963161
1038892737
685122814
468314731
1162581547
529704586
449926599
483987800
460812653
334194705
1095206186
639900805
1241040030
348739764
1184202280
1141835258
1058774427
910090103
434828497
375819093
716442125
1087848555
286470485
552250874
531669642
1025468765
444075420
412567916
373053637
322796852
666237916
1143037816
1230126749
414668085
487566259
288709673
707983902
455218380
642372941
320090110
1140336247
1066782203
1117998129
710226891
395079059
336435697
328875702
317432620
996866372
290205952
887138564
578683298
341232718
569507817
896079231
449784079
469322188
1180618228
541575486
395153197
523045854
430140303
1056415219
1194971321
327438816
911754771
1128761295
728326714
498477945
303155355
517637141
314317309
327630330
980454770
1012616785
395042892
518888140
396356342
881278407
318916706
1097469884
967351793
1268920918
402603545
335768291
393794374
787882888
1237692856
448275291
383845230
1105703384
778658393
1050988480
656951157
1165271715
961850126
460332571
1084133300
916741290
941057494
845382932
1110237142
346528006
668932369
360256797
679025359
643165438
1174536386
286574416
1114463914
1274949855
736015071
1055301724
428923097
1079282487
1045539448
456278748
1138584631
501919301
359859076
619814752
377637030
922763930
1013766657
589772015
498766043
1182211416
1171095810
1073473120
327429672
546308078
306576863
363560367
498360026
1041801831
739645554
1039012834
1001987506
321817464
598028668
430677008
450483230
815072622
404540640
416048305
1040093707
489191124
301174591
1286370741
1017492454
813952961
320840232
1036723978
305709452
934751741
1272085326
285538312
399363156
444426162
368677368
493919160
401818935
347246821
796531667
387136454
909319292
480677477
522400928
1260918469
840809344
393344132
583705714
394907153
1200299119
1201703657
816214695
1077150310
768469908
804593188
406732590
417922027
1176695165
284962368
493859859
542287735
435474359
961579792
460177396
327169361
351838741
284882215
1116905928
433839485
518999768
386722987
952704587
468666845
839671656
369832061
369820957
506462353
799653744
325935402
436718365
891590077
362470364
657502154
681286803
397979692
378075859
737310995
1027699629
633394588
905724576
543835101
374208989
1017567032
1206233493
444074825
325070504
330043513
943638265
284908756
539397400
1001965572
1276536330
1148325363
1084676053
317469184
1273154112
415260018
785638228
1197552569
595918045
290874373
580488128
974344344
1029425543
1247866823
777310222
860809977
683518274
305708971
960432199
1265145322
645859885
1207759774
930813865
1048836346
357429372
319897973
953992403
584362474
412991664
630382033
523135358
1255389331
896501514
354972939
389929553
364034723
436714661
324715238
963601861
1089513627
887941244
313904711
577628510
547157012
1166457029
1268504808
415850124
1075256004
994065345
409940537
473250588
415586245
509993510
913073202
284979163
427063170
505985340
295494494
362476543
423933226
1273960306
354063855
373311252
1147559518
576588894
599833596
664425773
333203086
990040803
1087699658
363556704
298202722
303484349
1137479263
1049635128
1205401645
416962263
739013038
390141259
1280247533
904209370
983896009
348124237
1185897042
1156773866
673659438
1070069537
1271281837
301387274
444933473
1267633962
463971174
623699996
816133779
531197788
492520617
493616309
1080254627
1241258622
371093098
477970977
1076266523
1005578718
402440206
595594905
1115216539
1125720347
320969612
879478102
404721929
1278787116
585193266
484672289
1159554165
458034512
1008236892
905877131
484090401
1168512535
1054598922
385026296
492085139
928002510
616643813
441870599
664973122
1038369065
408488359
749125114
1196953001
557468499
341309660
1241114554
334671649
1260871482
327783342
336510321
606193225
886051313
575114946
1037778235
585173084
1254835748
326681961
417707736
317809458
360559729
380450781
336901296
869783225
382002079
371402545
299652948
1140040414
1064850875
539373920
354569809
373045717
1246280817
1268325688
1098070152
391759249
397101168
1047116087
976058165
1186602041
356916343
401112090
989330818
912667447
576210200
1234443708
1125839000
426072538
373051390
1260915283
347454521
1079990061
303482803
952632954
1026414449
1268339394
918757120
708196645
382535825
421710017
1252924468
291205905
336477530
473001837
529815782
378042036
1058959277
1177332821
387842606
414676749
325782509
289694924
980128574
343255907
1064962398
1006963773
363500444
485262094
1142120445
402669888
1050027907
539354240
530088968
432736107
368169363
485251405
364909179
363599271
892208399
395877077
386322897
293235450
1204346352
351005254
418816422
364147881
1007007455
1182850017
482337530
406090509
1025313530
410254248
284795398
1025594002
1118780107
686373726
1046399379
939540371
414706506
355838434
1163786766
448978908
1072400876
724662909
974920073
691106353
346169668
627486149
1181311984
345399703
1286979699
466052219
660925162
997288621
429135422
410518185
513522747
504520620
1229766852
481914139
1013310685
995883576
1196581980
994846408
388336485
382019572
588254026
972033560
1236641745
1043579926
989301909
363360636
337841739
317855277
520502858
725215120
1069758898
515094775
871209106
286677125
373932237
365724094
1092031003
911241967
942400803
979087211
987302939
461360911
1056693250
430260350
690323951
1051602228
848264096
1188277952
498220318
749133301
1242345409
338698989
427959346
876765707
404516121
1152234483
409687884
331043123
893599343
515257778
510623322
1030642518
1013584317
865960727
437760231
1280407420
469353635
635713114
567374573
1076751035
871043925
657016140
1094591345
1131571012
404990064
742745050
461160770
470897237
562989701
880551258
590413285
1272070555
285518463
969447496
441050169
364894966
898986747
1217421321
301049600
1116049942
454679700
306752436
1240760778
1134857917
399552109
593214188
410351918
282750724
1210763463
378011496
387569926
432866707
436102935
898129838
1207997300
1201125860
1062776949
1100617331
765342523
321431432
592704749
396836856
1129166701
1012129122
697732107
956023378
868692227
591722877
386922596
1165792894
306062989
1094611503
333710667
1001465003
597849459
1046713273
859015438
868077558
1260905571
1228643968
1226274240
1126505173
1092007968
1073336027
626248522
916215494
409333880
1034709839
1071814439
1237423645
718043190
1105321112
1137509279
847268987
1280273780
479728689
908717824
973453598
767175312
418750972
1169373381
374927417
1220091672
452696061
400486297
322420483
566514719
539140829
726162037
610391947
473525028
367321134
1117748316
1176421751
570315854
673085116
409694493
1197708975
1178437336
1065311870
511262365
317389915
592644945
1182886549
423740615
417698849
1090785026
610514560
337226914
341854784
825477035
966782397
354830578
708895861
806077016
1064910141
542580267
783080515
1151406354
1189026874
1025707485
1102533765
590014037
569215817
1012274888
595141966
515219433
1058232900
602496538
315795555
1133463693
1083468087
314306777
1139650175
672649451
572393748
1165981264
684709535
618122345
302584613
842849113
349447615
525343444
408854559
964512960
389518642
995520894
417350355
1211582650
1095533900
961875786
1270041186
307093086
315792713
1064216828
582671477
461363572
618783545
559798172
1035263816
290231956
313147645
328711340
536149337
782911995
705326963
1261199009
905873193
385063292
1075256019
1210251567
936930428
420600963
383279539
337954399
1011142392
564106429
1095597597
708032904
1193508329
422549581
1057958711
663697257
964748094
1142864065
1084122003
384927020
530407514
443904275
1258527868
1250760036
1049627447
451040017
527542233
1228524413
436563553
1098518587
439438619
1091429916
419841423
1238578666
478126577
585178888
1047047867
613279493
717601887
1012872934
551321773
885142714
588352952
501288066
489782539
824329118
456561017
362358581
1144385160
1121138338
653453499
1140026677
586454505
489789094
1227470012
514916029
883016974
400435938
573144133
1021117809
858010121
525968148
443646748
330292852
436672658
1113245013
598533918
1001881291
323470584
1234216092
563902138
530390366
508054064
636415622
637528208
1078563836
529479190
1003678056
940268124
488143654
498151501
1246929086
890352174
945578864
363955135
1148477219
1149417297
1050576032
513846004
384041016
435940000
821381018
428245483
1017225151
570181507
1011157983
930026670
379869627
785952884
596366290
696690152
600569349
291430598
692699743
388958448
527552487
1140050192
824057618
523581445
612769954
756575260
727184098
1239299402
1127293486
563249741
749078962
434458848
564901451
563910324
326290564
378781805
403746123
687276446
349258523
579954949
1031843830
586683407
1247819004
1184154041
777889357
1106374233
293614976
334185830
1175316770
738299060
321871490
741293420
1205633384
1053390769
505367096
1006400460
1058333712
910008885
924438909
327963391
1273936478
1191263499
1193864749
586488492
306526794
284622652
885453140
301596925
494842499
1219218510
319227449
300235330
481962843
672175251
946659216
929266091
479868421
961048437
359273070
542623345
1222839976
551580603
1128525216
398456030
379011605
639747212
424389010
595086167
1141745032
347859797
532016360
669006959
642816633
1167377348
686061956
1229384930
538821252
528967157
1224064934
1103635576
649246860
725440655
584282350
946099227
442886104
394051800
298206806
328670983
840553277
287095663
555206468
1100136845
558160040
1137441273
433594116
911261650
449785791
379582304
1282844135
529141346
413939736
570060128
1286984847
477971565
372765641
348094874
338851554
414419105
336353151
382051762
1023251042
1036661603
330543621
324266640
462638897
874848029
431035580
919056339
539875792
1171022256
488089999
719854580
1000565012
321340608
1277523891
346474831
1227367541
1080574912
1176384159
673980122
873194479
1255772380
915304257
950802372
399452287
509506071
1180899976
738209405
370614765
1053389904
956049398
886697025
348867501
394635897
596660614
1169182532
1126026289
405170698
433600947
373818924
319361043
360681882
329739750
347870337
353115739
1042937618
470866149
601924314
498170969
567386512
989804926
429611897
448638079
1018176477
990956008
539392422
467393915
521791825
1247372919
414136975
1215185718
981460948
1250484428
1272652699
1094624407
398002630
1117270703
559632995
557835389
313725580
380464527
1180858614
510033756
1287398479
1227353538
369125087
858266085
583753021
842218231
314909597
413911229
1209890269
663584633
1178530910
473233326
1036098908
449207935
1276428485
312391317
1267771923
1165966291
1011060689
963562737
1034348186
1177522900
308637157
718041643
443357676
1251678869
430297602
886884107
329706677
870322730
490535249
515224442
502182129
698110937
289220808
284971959
556553223
625142798
1164423068
450445233
933135994
688910961
1108359809
336114908
389801252
423474213
287909017
592962356
1091278784
1008122580
362831454
1240801407
1024142466
1221385441
409869453
1195621598
1198180260
935754064
356840232
544372354
992047786
873779010
373742138
315297286
392550341
1036049477
408709785
348890820
1082637251
548919971
1035105027
955064947
395649818
1142577996
532115535
1035219562
833443588
304731501
438653868
649264704
321367289
334989259
361225434
470157945
1071193113
400989007
1116013687
1251749114
746420885
288362053
1023115553
346306025
894888135
497711732
1225117985
794841332
947258826
950219231
483336864
987782077
1215301573
308254615
304070702
1142532055
884947832
547166701
1027151285
531642620
477911901
1132015103
1264908539
669935133
468008476
555644212
311173718
1177889176
329937776
1162295178
389589852
295430577
495855016
379570676
978219010
760098906
1198460350
1038775806
304603074
1286966244
370922488
412853903
323283939
352615816
436985376
1183136204
404512755
509530825
824246101
642294103
1031132505
609324286
954567069
284981670
640670118
1002859550
844802451
961537908
399741671
1039772666
637169319
447444315
281941097
837204140
284428991
581927066
1247357290
1126726590
914055002
551362325
576206726
308968562
884043462
516561342
291533429
916416931
1126609183
731645633
611039615
1190726170
1183382445
987976258
525997288
393335869
985746746
1181827616
560916561
1163482552
577187307
1021825736
556500145
363558985
992421775
437213095
1115957776
417367089
426026150
517244695
583932671
1074569961
353117998
376677135
514643583
580878681
1046409045
364943782
668587150
425309769
287193619
572561420
972558973
670664071
448598374
383639948
425593345
1080860255
1173797706
317722577
368195929
363590051
1060016122
1287378917
302499944
1176884931
947882051
466439715
627332548
935972107
502333031
940056100
705247676
705113954
1118431695
588013838
393246440
434756152
1005392069
484762230
1121782467
903799061
372816441
1063195639
1168932344
301247281
911686788
388965361
333202454
963067330
724406878
1123931767
1142521630
1221797150
808669020
492229262
647783374
573116090
1209888606
460832645
540120977
579938687
681082245
1271722569
384830320
1280356744
814929019
880929886
512607963
1168503062
424541897
489949431
524942373
1179759666
307219387
386777877
331519827
1031155880
348737462
370881306
1019447011
1166835724
486872386
1272549251
1079178243
403298048
1286665039
1149233209
987499981
372423879
447689011
1290614444
1033815252
911205290
1116897276
493206261
360403354
366476473
865012404
559769810
348131804
358731598
408260441
312966806
1177574580
670037907
467936485
936971630
1239244670
415261797
1007966931
1079436890
749057895
1004222920
1235423580
839333328
360784960
1204094414
1255761037
347415188
989501351
309735670
1124342843
381471023
429151787
904418768
382811746
451086610
552647675
362738594
1220307907
1162153636
1252462725
373706743
623633248
791977567
904237743
340135272
1207712841
543125434
1108026487
445290463
304889172
369597898
1118773868
449780743
1001501844
395942103
450728226
512913130
886059850
971215921
360892632
1068066007
1274973053
362475290
916366645
660036257
727544634
1116559726
897899269
1237074289
674916714
1045862130
572886919
585801479
765062972
498836252
308969801
1173421221
937146071
294193888
603484762
1077225987
1153456861
456155863
1029094059
889796593
291116015
965630569
383543179
527594484
516915656
910444596
1235581326
1020730714
493171554
929537562
388628933
337974028
337065920
1232645005
1131235515
402974437
1118815660
304022014
918969733
1156321059
352308329
332173960
363772069
1046448465
371008429
923920480
488575683
1056441891
643125134
947203453
1036725690
415752919
1000306502
312088272
1102028256
365547505
886095123
372536331
646336721
310633997
563718995
738219031
390369834
814840066
1094345485
931267826
656906251
432576109
1169049753
364901807
1219625156
608985698
903637019
1083945479
287573739
709111029
304483984
441697527
1073000685
1129098766
353384279
1068766238
791551793
310516332
373494125
913211287
411492525
518235205
1221330570
722693967
646925503
883081468
1133338010
375694649
1089550121
647627184
515959813
558767950
386515834
324516521
1019315966
569912727
428974099
783537830
728359831
453056916
704237014
575673047
718952607
425106890
1047536806
469402423
1240824066
659288660
312578432
961564799
479412575
1074348821
1062172925
402614251
313401238
1049685933
482361332
622434129
610955645
476508724
953286746
979553680
416436167
473504710
322811729
1210753626
531105845
1121524887
354855128
1271991132
518999750
950626384
1139665119
319295332
324594672
665056146
1247766263
1206190761
667831823
331971240
381059732
343527016
335709058
466682252
301521403
317107309
443802111
312266675
724543589
448012186
1169945359
1214188646
431065024
1190447418
1079870681
371817955
1020949662
524984991
379923177
775349206
880864556
797818385
997683365
334265345
528203019
409967827
423972516
730814188
622851626
479871964
306486840
514345557
295646461
373070205
1036517151
835731296
584620730
1277085142
1149207759
1138895159
1170389675
540665717
525410317
606173978
1113634226
531571259
986238758
1182277764
1237535080
556002847
896374740
329127297
358121343
919087726
1164005656
287455446
328175747
518555507
958122095
847401892
957096411
1033713849
1236633080
1159201177
623366709
376729592
483994942
405913117
775855508
360555223
447188370
839923054
294730339
1281855498
284947174
389083586
1190527799
958811075
981786257
573082811
881322806
1012833720
381116321
358801284
431226495
536193599
444031617
346516607
558673735
412588865
442921495
389749033
595939515
892393815
405553177
400870546
357421934
1233739175
560481810
904895208
428117848
965553800
500676238
480102733
287965124
1255061648
835776444
333311269
1048130916
967895708
423558797
1187061709
632012899
1161241888
440475011
989073163
598581396
1014889755
1060474808
781383622
353433937
352969997
1256338853
548175058
823504593
1037174496
1161299817
414834813
1162637893
485246824
1123354853
409340361
518731878
364603506
539943615
495157796
373809026
550971489
322399059
591744939
586871187
337224330
466747994
1248661960
515330823
300048137
310295776
1287913054
489378283
633335631
502270540
894443858
567973100
1009442510
922756655
874498884
333205561
1100073666
924373886
415832231
899147555
561370249
319654053
839379759
376519869
936669093
1022267439
360051536
934444072
1040802643
860716153
581665119
570183057
457232404
576443892
1052020394
383539271
426903818
343604323
406038052
437447520
1076859004
584371036
301159545
371073985
979540312
913947918
952540892
1156120307
377140050
724109467
295618678
914453825
955286870
387201727
353473931
308630840
412677202
341922306
1065327525
441683476
1159328039
1092999536
646306520
1204628990
1037830332
297328082
1186994231
348680768
1089411465
1267211986
960716999
472900253
1133724535
596236840
900784736
429886769
456290323
596642855
1192121985
348555322
449796732
571227995
406490770
466670466
1069293812
596661240
490534512
442894126
330698182
1084588831
336051800
938688461
1098669497
695436326
500557255
954793998
294855237
1272049393
456584471
1214593569
